
============================================================================================================================================================
【1】建設改良費と財源構成の比較（千円）
============================================================================================================================================================
                                  R8        R9       R10       R11       R12       R13       R14       R15       R16       R17         合計
旧 整備費                      1,030,000   950,000   500,000   330,000   310,000   311,000   371,000   294,000   230,000   200,000    4,526,000
新 整備費                        565,400   869,600   210,000   320,000   320,000   320,000   160,000   250,000   250,000   250,000    3,515,000
  差引                        -464,600   -80,400  -290,000   -10,000    10,000     9,000  -211,000   -44,000    20,000    50,000   -1,011,000
------------------------------------------------------------------------------------------------------------------------------------------------------------
旧 企業債                        448,670   402,000   387,000   237,000   237,000   287,000   347,000   267,000   187,000   157,000    2,956,670
新 企業債                        291,700   449,800   115,000   265,000   265,000   265,000   145,000   212,500   212,500   212,500    2,434,000
  差引                        -156,970    47,800  -272,000    28,000    28,000   -22,000  -202,000   -54,500    25,500    55,500     -522,670
------------------------------------------------------------------------------------------------------------------------------------------------------------
旧 国庫補助金                       63,330    50,000    50,000    50,000    50,000         0         0         0         0         0      263,330
新 国費                          86,000    97,500    95,000    55,000    55,000    55,000    15,000    37,500    37,500    37,500      571,000
旧 出資金                        515,000   495,000    60,000    40,000    20,000    20,000    20,000    20,000    20,000    20,000    1,230,000
新 繰入金                        176,700   267,300         0         0         0         0         0         0         0         0      444,000
旧 他会計補助金                       3,000     3,000     3,000     3,000     3,000     3,000     3,000     3,000     3,000     3,000       30,000
新 その他                         11,000    55,000         0         0         0         0         0         0         0         0       66,000

============================================================================================================================================================
【2】収益的収支への影響（千円／年）
============================================================================================================================================================
                                  R8        R9       R10       R11       R12       R13       R14       R15       R16       R17         合計
旧 減価償却費(新規分)                       0    25,750    49,500    62,000    70,250    78,000    85,775    95,050   102,400   108,150
新 減価償却費(新規分)                       0    14,135    35,875    41,125    49,125    57,125    65,125    69,125    75,375    81,625
  ① 差引                             0   -11,615   -13,625   -20,875   -21,125   -20,875   -20,650   -25,925   -27,025   -26,525
------------------------------------------------------------------------------------------------------------------------------------------------------------
旧 長期前受金戻入                          0     1,658     2,983     4,308     5,633     6,958     7,033     7,108     7,183     7,258
新 長期前受金戻入                          0     2,150     4,588     6,962     8,338     9,712    11,088    11,462    12,400    13,338
  ② 差引                             0       492     1,604     2,654     2,704     2,754     4,054     4,354     5,217     6,079
------------------------------------------------------------------------------------------------------------------------------------------------------------
旧 支払利息(新規債)                        0     9,422    17,711    25,546    30,092    34,549    39,965    46,530    51,281    54,244
新 支払利息(新規債)                        0     6,126    15,572    17,986    23,552    28,987    34,244    36,915    40,875    44,703
  ③ 差引                             0    -3,296    -2,140    -7,559    -6,541    -5,563    -5,720    -9,615   -10,407    -9,542
------------------------------------------------------------------------------------------------------------------------------------------------------------
★総括原価への影響 ①-②+③                    0   -15,403   -17,369   -31,089   -30,370   -29,192   -30,425   -39,894   -42,648   -42,146

============================================================================================================================================================
【3】資本的収支への影響（千円／年）
============================================================================================================================================================
                                  R8        R9       R10       R11       R12       R13       R14       R15       R16       R17         合計
旧 企業債償還金(新規債)                      0     7,268    13,933    20,495    24,765    29,125    34,386    40,729    45,910    49,903
新 企業債償還金(新規債)                      0         0         0         0     6,188    14,628    17,822    23,952    30,210    36,600
  ④ 差引                             0    -7,268   -13,933   -20,495   -18,577   -14,496   -16,563   -16,777   -15,700   -13,303
------------------------------------------------------------------------------------------------------------------------------------------------------------
旧 企業債残高(新規債)                 448,670   843,402 1,216,468 1,432,973 1,645,208 1,903,083 2,215,698 2,441,969 2,583,059 2,690,156
新 企業債残高(新規債)                 291,700   741,500   856,500 1,121,500 1,380,312 1,630,684 1,757,862 1,946,410 2,128,700 2,304,600
  差引                        -156,970  -101,902  -359,968  -311,473  -264,896  -272,399  -457,836  -495,558  -454,359  -385,555

============================================================================================================================================================
【4】総括原価・必要改定率への反映（R8〜R12・資産維持率3%）
============================================================================================================================================================
                                  R8        R9       R10       R11       R12       R13       R14       R15       R16       R17         合計

                                               改定前             改定後            差引
  ------------------------------------------------------------------------------
  総括原価 5年計（千円）                         2,552,199       2,457,968       -94,231
  　うち 減価償却費の増減                                                         -67,240
  　うち 支払利息の増減                                                          -19,537
  　うち 長期前受金戻入の増減                                                        -7,454
  給水原価（円/㎥）                                591.3           569.5         -21.8
  料金回収率（現行128.2円）                         21.7%           22.5%
  年間不足額（千円/年）                            392,271         373,425       -18,846
  必要改定率（総括原価/現行収入）                         4.32倍           4.16倍        -0.16倍

  キャッシュ不足額 定義③（千円/年）                     -78,783         -74,875         3,907
  　→ 赤字半減の目標増収額                           39,391          37,438        -1,954

============================================================================================================================================================
【5】感応度分析（R8〜R12・資産維持率3%）
============================================================================================================================================================
  シナリオ                                          建設改良費       総括原価5年計       給水原価         年間不足額       必要改定率
                                               R8〜R17          (千円)      (円/㎥)        (千円/年)
  --------------------------------------------------------------------------------------------------------------------------------------------------------
  ① 旧計画（現行の財政シミュ）                           4,526,000     2,552,199      591.3       392,271      4.32倍
  ② 新調査票（調査票の入力どおり）                         3,515,000     2,457,968      569.5       373,425      4.16倍
  ③ ②＋鷲神高度処理を20年償却                          3,515,000     2,533,403      587.0       388,512      4.29倍
                                        ※機械・電気設備の法定耐用年数は15〜20年。調査票の入力値40年は建物・構築物の年数
  ④ ②＋北上川導水管6.7億円を復元                        4,185,000     2,539,875      588.5       389,806      4.30倍
                                        ※旧計画R9の原水及び浄水施設費670,000千円。企業債75%と仮定
  ⑤ ③＋④（両方を織り込んだ場合）                         4,185,000     2,615,310      606.0       404,893      4.43倍

  ▶ ②を採る場合、必要改定幅は旧計画より小さくなる（給水原価 591.3→569.5円/㎥）。
  ▶ ただし③④のいずれか一方でも該当すると、必要改定幅は逆に旧計画以上となる。
  ▶ したがって、償却年数と北上川導水管の取扱いを女川町に確認するまで、改定幅は確定できない。
