川崎町 第10期　見える化システム「令和8年度の実績（見込み）値」の差し替え値
作成：ビズアップ公共コンサルティング 札幌事業所／令和8年9月11日
保険者番号 04324

令和8年度は令和8年5月の1か月分であるため、完結年度である令和7年度の
月平均（年報の年間値÷12）に差し替える。出所はすべて
介護保険事業状況報告（年報・令和7年度）＝ 年報データ_2025_川崎町.xlsx。

※ 整数は、要支援群・要介護群それぞれで合計を四捨五入し、
　 最大剰余法で配分している（丸めても計が合う）。

======================================================================================
■ ① 認定者数の実績値の設定（令和8年度）
　出所：年報 様式1の5（12）要介護(要支援)認定者数（令和8年3月末現在）
======================================================================================

【（1）男　貼り付け用（タブ区切り）】
要支援1	要支援2	要介護1	要介護2	要介護3	要介護4	要介護5
2	1	0	0	2	2	0	← 65〜69歳
2	2	2	4	11	2	1	← 70〜74歳
5	5	4	6	4	11	3	← 75〜79歳
0	6	7	9	4	2	3	← 80〜84歳
4	6	4	15	11	5	3	← 85〜89歳
2	7	5	8	10	9	4	← 90歳以上
0	1	0	0	1	1	1	← 第2号被保険者
　（自動計算される第1号被保険者の行：15／27／22／42／42／31／14　計193人）

【（2）女　貼り付け用（タブ区切り）】
要支援1	要支援2	要介護1	要介護2	要介護3	要介護4	要介護5
2	0	0	1	1	1	1	← 65〜69歳
1	9	3	2	2	3	1	← 70〜74歳
2	6	4	9	5	4	0	← 75〜79歳
4	12	4	9	9	12	2	← 80〜84歳
8	16	17	19	27	15	7	← 85〜89歳
4	19	11	21	42	29	24	← 90歳以上
0	0	0	0	1	0	0	← 第2号被保険者
　（自動計算される第1号被保険者の行：21／62／39／61／86／64／35　計368人）

　総数（男＋女、第2号を含む）：36／90／61／103／130／96／50　計 566人

======================================================================================
■ ② 施設・居住系サービス利用者数の実績見込み値の設定（令和8年度）
　出所：年報 様式1の7(16)・(18)、様式1の6(15) の受給者数 ÷12
======================================================================================

【貼り付け用A（小数・推奨）】　入力欄が小数を受け付ける場合はこちら
要支援1	要支援2	要介護1	要介護2	要介護3	要介護4	要介護5
0	0	0.167	1.167	1.167	0.167	0	← 特定施設入居者生活介護
	1.417	6.5	8.75	7.75	0.583	0.917	← 認知症対応型共同生活介護
		0	0	0	0	0	← 地域密着型特定施設入居者生活介護
		0	1	9.417	10.5	5.667	← 地域密着型介護老人福祉施設入所者生活介護
		0.833	3.083	23.833	19.917	20.167	← 介護老人福祉施設
		3	12.167	19.25	23.083	9.083	← 介護老人保健施設
		0	0	0	0	0	← 介護医療院

【貼り付け用B（整数）】　入力欄が整数しか受け付けない場合はこちら
要支援1	要支援2	要介護1	要介護2	要介護3	要介護4	要介護5
0	0	0	2	1	0	0	← 特定施設入居者生活介護
	1	6	9	8	1	1	← 認知症対応型共同生活介護
		0	0	0	0	0	← 地域密着型特定施設入居者生活介護
		0	1	9	11	6	← 地域密着型介護老人福祉施設入所者生活介護
		1	3	24	20	20	← 介護老人福祉施設
		3	12	20	23	9	← 介護老人保健施設
		0	0	0	0	0	← 介護医療院

【検算用（年報の年間値÷12。小数第3位まで）】
サービス                                   要支援1     要支援2     要介護1     要介護2     要介護3     要介護4     要介護5     要支援計     要介護計
特定施設入居者生活介護                           0.000    0.000    0.167    1.167    1.167    0.167    0.000    0.000    2.667
認知症対応型共同生活介護                          0.000    1.417    6.500    8.750    7.750    0.583    0.917    1.417   24.500
地域密着型特定施設入居者生活介護                      0.000    0.000    0.000    0.000    0.000    0.000    0.000    0.000    0.000
地域密着型介護老人福祉施設入所者生活介護                  0.000    0.000    0.000    1.000    9.417   10.500    5.667    0.000   26.583
介護老人福祉施設                              0.000    0.000    0.833    3.083   23.833   19.917   20.167    0.000   67.833
介護老人保健施設                              0.000    0.000    3.000   12.167   19.250   23.083    9.083    0.000   66.583
介護医療院                                 0.000    0.000    0.000    0.000    0.000    0.000    0.000    0.000    0.000

======================================================================================
■ ③ 在宅サービス利用者数の実績見込み値の編集（令和8年度）
　出所：年報 様式1の7(16)・(18)、様式2（件数）の受給者数 ÷12
======================================================================================

【貼り付け用A（小数・推奨）】　入力欄が小数を受け付ける場合はこちら
要支援1	要支援2	要介護1	要介護2	要介護3	要介護4	要介護5
		5.917	8.25	11	4.083	3.917	← 訪問介護
0.417	0	0	1.417	1	0.667	0.75	← 訪問入浴介護
1	0	0.083	4.583	1.083	1.083	0.167	← 訪問看護
2.25	3	0.75	6	2	0.083	0.25	← 訪問リハビリテーション
0	0	0.667	2.833	1.75	1.5	1.417	← 居宅療養管理指導
		11.917	13.917	16.25	6.833	4.25	← 通所介護
7	27.667	15.75	34.75	28.917	6.167	1.333	← 通所リハビリテーション
0	0.083	1.25	2.417	4.833	4.333	2.333	← 短期入所生活介護
0	0.083	1.083	0.833	4.25	1.333	0.917	← 短期入所療養介護（老健）
0	0	0	0	0	0	0	← 短期入所療養介護（病院等）
0	0	0	0	0	0	0	← 短期入所療養介護（介護医療院）
7.333	29.333	12.333	50.25	38.75	18.333	8.583	← 福祉用具貸与
0	0.25	0.25	0.75	0.25	0.167	0.167	← 特定福祉用具購入費
0	0.333	0.25	0.333	0.083	0.167	0	← 住宅改修費
15.25	44.5	36.083	72.417	56.333	21.75	10.083	← 介護予防支援・居宅介護支援
		0.417	0	0	0	0	← 定期巡回・随時対応型訪問介護看護
		0	0	0	0	0	← 夜間対応型訪問介護
		0.75	0.167	0	0	0	← 地域密着型通所介護
0	0	0	0	0	0	0	← 認知症対応型通所介護
0	0	0	0	0	0	0	← 小規模多機能型居宅介護
		0	0	0	0	0.25	← 看護小規模多機能型居宅介護

【貼り付け用B（整数）】　入力欄が整数しか受け付けない場合はこちら
要支援1	要支援2	要介護1	要介護2	要介護3	要介護4	要介護5
		6	8	11	4	4	← 訪問介護
0	0	0	1	1	1	1	← 訪問入浴介護
1	0	0	5	1	1	0	← 訪問看護
2	3	1	6	2	0	0	← 訪問リハビリテーション
0	0	1	3	2	1	1	← 居宅療養管理指導
		12	14	16	7	4	← 通所介護
7	28	16	35	29	6	1	← 通所リハビリテーション
0	0	1	3	5	4	2	← 短期入所生活介護
0	0	1	1	4	1	1	← 短期入所療養介護（老健）
0	0	0	0	0	0	0	← 短期入所療養介護（病院等）
0	0	0	0	0	0	0	← 短期入所療養介護（介護医療院）
8	29	12	50	39	18	9	← 福祉用具貸与
0	0	1	1	0	0	0	← 特定福祉用具購入費
0	0	0	1	0	0	0	← 住宅改修費
15	45	36	73	56	22	10	← 介護予防支援・居宅介護支援
		0	0	0	0	0	← 定期巡回・随時対応型訪問介護看護
		0	0	0	0	0	← 夜間対応型訪問介護
		1	0	0	0	0	← 地域密着型通所介護
0	0	0	0	0	0	0	← 認知症対応型通所介護
0	0	0	0	0	0	0	← 小規模多機能型居宅介護
		0	0	0	0	0	← 看護小規模多機能型居宅介護

　★ 整数にすると0になり、令和9〜11年度も0のまま残るサービス
　　・定期巡回・随時対応型訪問介護看護（令和7年度の月平均 0.417人／年間 5件）
　　・看護小規模多機能型居宅介護（令和7年度の月平均 0.250人／年間 3件）
　　→ この2件は小数での入力（貼り付け用A）を強くお勧めします。
　　　 整数しか入らない場合は、当該サービスだけ 1 と置くことをご検討ください
　　　 （0 にすると計画に載らなくなります）。

【検算用（年報の年間値÷12。小数第3位まで）】
サービス                                   要支援1     要支援2     要介護1     要介護2     要介護3     要介護4     要介護5     要支援計     要介護計
訪問介護                                  0.000    0.000    5.917    8.250   11.000    4.083    3.917    0.000   33.167
訪問入浴介護                                0.417    0.000    0.000    1.417    1.000    0.667    0.750    0.417    3.833
訪問看護                                  1.000    0.000    0.083    4.583    1.083    1.083    0.167    1.000    7.000
訪問リハビリテーション                           2.250    3.000    0.750    6.000    2.000    0.083    0.250    5.250    9.083
居宅療養管理指導                              0.000    0.000    0.667    2.833    1.750    1.500    1.417    0.000    8.167
通所介護                                  0.000    0.000   11.917   13.917   16.250    6.833    4.250    0.000   53.167
通所リハビリテーション                           7.000   27.667   15.750   34.750   28.917    6.167    1.333   34.667   86.917
短期入所生活介護                              0.000    0.083    1.250    2.417    4.833    4.333    2.333    0.083   15.167
短期入所療養介護（老健）                          0.000    0.083    1.083    0.833    4.250    1.333    0.917    0.083    8.417
短期入所療養介護（病院等）                         0.000    0.000    0.000    0.000    0.000    0.000    0.000    0.000    0.000
短期入所療養介護（介護医療院）                       0.000    0.000    0.000    0.000    0.000    0.000    0.000    0.000    0.000
福祉用具貸与                                7.333   29.333   12.333   50.250   38.750   18.333    8.583   36.667  128.250
特定福祉用具購入費                             0.000    0.250    0.250    0.750    0.250    0.167    0.167    0.250    1.583
住宅改修費                                 0.000    0.333    0.250    0.333    0.083    0.167    0.000    0.333    0.833
介護予防支援・居宅介護支援                        15.250   44.500   36.083   72.417   56.333   21.750   10.083   59.750  196.667
定期巡回・随時対応型訪問介護看護                      0.000    0.000    0.417    0.000    0.000    0.000    0.000    0.000    0.417
夜間対応型訪問介護                             0.000    0.000    0.000    0.000    0.000    0.000    0.000    0.000    0.000
地域密着型通所介護                             0.000    0.000    0.750    0.167    0.000    0.000    0.000    0.000    0.917
認知症対応型通所介護                            0.000    0.000    0.000    0.000    0.000    0.000    0.000    0.000    0.000
小規模多機能型居宅介護                           0.000    0.000    0.000    0.000    0.000    0.000    0.000    0.000    0.000
看護小規模多機能型居宅介護                         0.000    0.000    0.000    0.000    0.000    0.000    0.250    0.000    0.250

======================================================================================
■ ④ 在宅サービス利用回（日）数の実績見込み値の編集（令和8年度）
　出所：年報 様式1の7(17)・(19) の利用回（日）数 ÷12
======================================================================================

【貼り付け用A（小数・推奨）】　入力欄が小数を受け付ける場合はこちら
要支援1	要支援2	要介護1	要介護2	要介護3	要介護4	要介護5
		85.5	104.917	250.25	72.25	192.417	← 訪問介護（回）
1.667	0	0	5.583	5.333	2.75	3.5	← 訪問入浴介護（回）
2.833	0	0.25	47.917	4.333	3.75	0.917	← 訪問看護（回）
24.917	32.75	3.5	75.417	29.667	2.333	3.167	← 訪問リハビリテーション（回）
		88	124.667	178.75	90.833	52.583	← 通所介護（回）
		117.25	270.917	299.167	61.417	11.25	← 通所リハビリテーション（回）
0	0.417	3.833	12.667	44.583	64.75	12.667	← 短期入所生活介護（日）
0	0.333	5.417	8	29.5	12.333	3.667	← 短期入所療養介護（老健）（日）
0	0	0	0	0	0	0	← 短期入所療養介護（病院等）（日）
0	0	0	0	0	0	0	← 短期入所療養介護（介護医療院）（日）
		6.25	1.917	0	0	0	← 地域密着型通所介護（回）
0	0	0	0	0	0	0	← 認知症対応型通所介護（回）

【貼り付け用B（整数）】　入力欄が整数しか受け付けない場合はこちら
要支援1	要支援2	要介護1	要介護2	要介護3	要介護4	要介護5
		86	105	250	72	192	← 訪問介護（回）
2	0	0	6	5	3	3	← 訪問入浴介護（回）
3	0	0	48	4	4	1	← 訪問看護（回）
25	33	4	75	30	2	3	← 訪問リハビリテーション（回）
		88	125	179	91	52	← 通所介護（回）
		117	271	299	62	11	← 通所リハビリテーション（回）
0	0	4	13	44	65	13	← 短期入所生活介護（日）
0	0	5	8	30	12	4	← 短期入所療養介護（老健）（日）
0	0	0	0	0	0	0	← 短期入所療養介護（病院等）（日）
0	0	0	0	0	0	0	← 短期入所療養介護（介護医療院）（日）
		6	2	0	0	0	← 地域密着型通所介護（回）
0	0	0	0	0	0	0	← 認知症対応型通所介護（回）

【検算用（年報の年間値÷12。小数第3位まで）】
サービス                                   要支援1     要支援2     要介護1     要介護2     要介護3     要介護4     要介護5     要支援計     要介護計
訪問介護（回）                               0.000    0.000   85.500  104.917  250.250   72.250  192.417    0.000  705.333
訪問入浴介護（回）                             1.667    0.000    0.000    5.583    5.333    2.750    3.500    1.667   17.167
訪問看護（回）                               2.833    0.000    0.250   47.917    4.333    3.750    0.917    2.833   57.167
訪問リハビリテーション（回）                       24.917   32.750    3.500   75.417   29.667    2.333    3.167   57.667  114.083
通所介護（回）                               0.000    0.000   88.000  124.667  178.750   90.833   52.583    0.000  534.833
通所リハビリテーション（回）                        0.000    0.000  117.250  270.917  299.167   61.417   11.250    0.000  760.000
短期入所生活介護（日）                           0.000    0.417    3.833   12.667   44.583   64.750   12.667    0.417  138.500
短期入所療養介護（老健）（日）                       0.000    0.333    5.417    8.000   29.500   12.333    3.667    0.333   58.917
短期入所療養介護（病院等）（日）                      0.000    0.000    0.000    0.000    0.000    0.000    0.000    0.000    0.000
短期入所療養介護（介護医療院）（日）                    0.000    0.000    0.000    0.000    0.000    0.000    0.000    0.000    0.000
地域密着型通所介護（回）                          0.000    0.000    6.250    1.917    0.000    0.000    0.000    0.000    8.167
認知症対応型通所介護（回）                         0.000    0.000    0.000    0.000    0.000    0.000    0.000    0.000    0.000

======================================================================================
■ 検算：総括表の令和7年度の人数・回数と一致するか
======================================================================================
総括表の項目                                        総括表R7       本書の値        差
訪問介護                                        33.1667    33.1667   0.0000
通所介護                                        53.1667    53.1667   0.0000
通所リハビリテーション                                 86.9167    86.9167   0.0000
介護予防通所リハビリテーション                             34.6667    34.6667   0.0000
福祉用具貸与                                     128.2500   128.2500   0.0000
介護予防福祉用具貸与                                  36.6667    36.6667   0.0000
（４）居宅介護支援                                  196.6667   196.6667   0.0000
（３）介護予防支援                                   59.7500    59.7500   0.0000
介護老人福祉施設                                    67.8333    67.8333   0.0000
介護老人保健施設                                    66.5833    66.5833   0.0000
認知症対応型共同生活介護                                24.5000    24.5000   0.0000
介護予防認知症対応型共同生活介護                             1.4167     1.4167   0.0000
地域密着型介護老人福祉施設入所者生活介護                        26.5833    26.5833   0.0000
訪問介護                                       705.3333   705.3333   0.0000
通所介護                                       534.8333   534.8333   0.0000
短期入所生活介護                                   138.5000   138.5000   0.0000

→ 不一致 0 件
